[28, 17, 38, 26, 3]
[5, 39, 29, 33, 14]
[10, 4, 32, 27, 14]
[28, 15, 11, 4, 31]
[2, 8, 3, 25, 21]
[16, 32, 11, 5, 10]
[11, 26, 38, 17, 19]
[27, 2, 31, 33, 12]
[33, 18, 30, 15, 19]
[4, 7, 31, 20, 12]
[19, 6, 14, 26, 34]
[19, 4, 25, 32, 36]
[13, 18, 34, 19, 2]
[16, 7, 9, 24, 22]
[13, 11, 20, 35, 27]
[19, 32, 38, 7, 25]
[16, 8, 1, 19, 12]
[19, 15, 21, 25, 9]
[7, 10, 17, 24, 23]
[24, 4, 32, 34, 20]
[39, 8, 36, 9, 35]
[19, 16, 7, 18, 4]
[18, 11, 25, 1, 38]
[12, 18, 36, 39, 13]
[1, 10, 14, 3, 20]
[18, 11, 14, 36, 12]
[38, 19, 29, 35, 13]
[29, 25, 14, 39, 1]
[8, 21, 29, 32, 9]
[8, 26, 33, 38, 16]
[2, 1, 20, 30, 16]
[8, 1, 38, 14, 33]
[23, 35, 6, 26, 3]
[22, 9, 6, 18, 15]
[12, 20, 3, 36, 1]
[24, 26, 32, 27, 15]
[35, 22, 31, 25, 26]
[33, 9, 11, 25, 12]
[27, 31, 6, 38, 32]
[9, 2, 23, 10, 11]
[7, 5, 26, 31, 20]
[15, 1, 29, 3, 13]
[4, 37, 33, 39, 31]
[27, 19, 31, 22, 16]
[31, 34, 35, 8, 18]
[26, 10, 34, 32, 14]
[17, 20, 30, 10, 18]
[30, 32, 15, 25, 23]
[14, 28, 2, 7, 27]
[25, 3, 14, 13, 39]
